3	137	314	327	983	1597	2028	3043	3217	4109	6020	6178	6535	6560	7146	7180	7408	7790	7893	8123	8313	8526	8616	8638
356	1197	1208	1839	1903	2712	3088	3537	4091	4301	4919	5068	6025	6195	6324	6378	6686	6829	7558	7745	8042	8382	8587	8602
18	187	1115	1417	1463	2300	2328	3502	3805	4677	4827	5551	5968	6394	6412	6753	7169	7524	7695	7976	8069	8118	8522	8582
714	2713	2726	2964	3055	3220	3334	3459	5557	5765	5841	6290	6419	6573	6856	7786	7937	8156	8286	8327	8384	8448	8539	8559
3452	7935	8092	8623
56	1955	3000	8242
1809	4094	7991	8489
2220	6455	7849	8548
1006	2576	3247	6976
2177	6048	7795	8295
1413	2595	7446	8594
2101	3714	7541	8531
10	5961	7484
3144	4636	5282
5708	5875	8390
3322	5223	7975
197	4653	8283
598	5393	8624
906	7249	7542
1223	2148	8195
976	2001	5005
