708	1132	2120	3208	3879	8320	11948	14185	15214	16594	17849	19766	23814	26175	27579	28052	31512	32029
2720	2753	3716	6133	8020	8305	9429	10337	15503	19905	20127	21963	25624	27221	27907	27945	29833	30270
4011	7807	11547	12782	13040	14599	14836	15218	17890	18922	19668	20267	20714	22151	24373	25261	26101	27627
136	5341	7661	12779	13392	13922	14151	15054	16544	17232	17478	19895	22814	23820	25014	26346	27575	31803
3456	3485	5839	8312	8423	9796	10018	11520	13336	15520	19928	22019	23144	25339	27406	28729	29527	31406
1779	3634	3930	4138	5449	5924	6776	7658	8703	11542	13133	15086	16334	21876	23860	24281	28854	29557
697	868	1345	6257	7400	8220	9761	11501	15828	16175	16865	17251	19298	21907	24033	24175	24497	30965
991	1845	3173	5609	11275	12666	12903	14409	15359	17537	17923	19821	20323	21561	21663	23378	25371	28487
446	3096	3604	3688	6864	7296	8128	9957	11568	13204	14502	16280	17655	19695	25953	28006	31006	31160
3592	5443	5450	8875	10529	10721	15241	16485	16905	17980	19685	21639	21938	25038	25322	26073	27072	32305
2539	11274	18981
8099	17427	18613
7872	12547	14776
17272	31146	31476
12171	20651	28060
5845	20532	24021
2102	9627	12746
4406	13397	16767
7707	19199	20221
10278	11526	13739
8902	13337	25524
5385	6939	15968
1686	2985	18124
21285	22673	25722
4833	4895	7657
14073	19518	27540
2832	27137	32072
8936	19641	24786
1696	4408	9480
3941	9228	25043
1328	7460	25237
11251	21361	23890
10450	10762	26795
1544	19244	22553
9564	24279	27073
12214	15608	30892
6316	29252	30504
3667	7784	26600
11435	20278	31840
7211	21620	23899
17193	18368	23536
3750	18865	29121
2088	7648	20893
12231	28534	28933
6316	14450	31885
2672	8770	26920
17337	18624	26359
3098	17939	27134
1084	24695	31846
5110	9148	10203
3943	19212	31745
6	6061	29453
2271	9151	27015
386	2747	26182
13129	15456	30698
126	10222	23935
11008	17244	19711
17752	22103	31308
11293	20670	23940
11627	14829	19929
2163	5918	23666
28627	28709	31369
3161	3209	26227
1597	25322	30792
2083	15971	16193
4795	10875	11668
12984	28077	28863
1851	9750	30222
2252	8660	8984
6764	8375	15896
5074	16399	31725
11507	15519	30828
3196	7975	17614
477	11889	17748
2420	2852	25451
3683	4741	6944	8199	8808	13142	14071	15830	17216	18589	20284	21652	22542	24994	25719	26187
1534	4620	4899	6461	6737	9082	10679	11544	16118	20173	20662	21526	22646	24778	29790	30044
2343	2547	5620	6523	8188	9029	14162	15517	24143	25078	25163	26616	28731	30201	30889	32034
1876	4541	5147	9087	12853	12967	13887	16009	19722	20475	21245	21908	22547	25790	27330	27640
1706	3168	6471	7382	10195	11568	11770	17719	19484	19572	20375	20470	23332	24372	30654	31230
996	3297	3587	4313	12243	12456	17510	20492	29071
7114	7312	7937	8379	8580	11514	13657	23774	24569
98	600	745	1223	4298	6362	12544	21620	28786
2585	4021	10785	11294	20707	25033	25465	26990	30713
1895	4346	10404	16998	17073	24131	24891	26056	26444
4265	8641	8937	13462	23815	26205
1468	2578	3070	6258	8221	10414
5186	8832	11589	25697	29629	32022
15971	17493	18659	19082	22089	26779
1597	1691	10499	13815	18943	27396
