5332	8018	35444	13098	9655	41945	44273	22741	9371	8727	43219
41410	43593	14611	46707	16041	1459	29246	12748	32996	676	46909
9340	35072	35640	17537	10512	44339	30965	25175	9918	21079	29835
3332	12088	47966	25168	50180	42842	40914	46726	17073	41812	34356
15159	2209	7971	22590	20020	27567	4853	10294	38839	15314	49808
20936	14497	23365	22630	38728	28361	34659	956	8559	44957	22222
28043	4641	25208	47039	30612	25796	14661	44139	27335	12884	6980
32584	33453	1867	20185	36106	30357	809	28513	46045	27862	4802
43744	13375	36066	23604	30766	6233	45051	23660	20815	19525	25207
27522	3854	9311	21925	41107	25773	26323	24237	24344	46187	44503
10256	20038	12177	26635	5214	14191	34404	45807	4938	4173	31344
32043	26501	46725	4648	16718	31060	26633	19036	14222	13886	26535
18103	8498	36814	34600	36495	36712	29833	27396	11877	42861	1834
36592	1645	3649	30521	14674	3630	890	13307	41412	24682	9907
4401	44543	13784	5828	32862	25179	29736	39614	5186	49749	38317
41460	39101	50080	40137	32691	26528	35332	44067	8467	14286	10470
12211	34019	37870	36918	36419	33153	50070	41498	47741	30538	12342
33751	23988	33624	41882	34075	25552	3106	17611	13190	29336	312
5667	35483	35460	16153	37267	28308	50009	46345	34204	32756	38243
5657	24157	36834	6890	49576	46244	43875	16738	47225	2944	36882
30341	48485	3700
14451	20438	18875
13634	41138	42962
46459	13369	27974
21493	14629	2369
11351	40226	42457
34749	39000	3912
18128	46776	47055
2221	26806	11345
35143	630	2229
44009	41295	34646
32163	16657	26544
31770	23641	43623
45826	10902	39490
7514	20480	28511
11429	19834	35430
50112	38163	5738
16191	16862	6783
6085	39149	34988
41497	32023	28688
