18222	6715	4908	21568	22821	11708	4769	4495	22243	25872	9051	19072	13956
2038	5205	21215	21009	9584	2403	23652	20866	20130	677	9509	6136	773
19936	14590	17829	473	4432	23171	11386	17937	22084	24450	267	8822	19335
16376	16769	5111	9794	18907	827	12385	12370	21647	10938	23619	11633	15865
23417	7631	12243	21546	4192	22117	14757	4118	9686	17021	8531	15989	8807
15533	16584	18529	19699	17821	4252	1254	5952	3163	20295	6944	1022	19743
129	16579	23524	25897	14690	11222	16250	9925	4268	999	7102	24528	152
18361	3708	3454	16604	1551	5809	20324	4775	22418	19091	19674	10975	7327
24133	10950	22779	11388	13818	20668	7556	12333	16446	19684	12510	25118	8162
17026	6850	1269
21895	7137	25270
11858	24153	13303
7885	16438	12805
10473	15004	8052
2088	10379	10067
21438	13426	10440
17696	727	12164
22623	8408	17849
