15	865	1308	2887	6202	6440	7201	9014	10015	10041	11780	13602	14265	15506
1054	1416	2903	3746	3753	7608	9121	11097	11761	12334	14304	15284	15489	15860
388	942	2207	2627	3453	6684	7105	8633	9292	9413	11574	11789	12990	13558
896	1802	2100	4497	6650	7324	7693	11232	11848	12625	12982	13238	13719	15260
2165	2313	3930	5231	9263	10942	12167	12938	13529	13806	14792	15118	15304	15970
286	951	1083	3401	5527	10235	10417	10717	12204	12522	12974	13623	13645	13721
895	2500	3051	4393	4686	5972	7932	8025	8731	9744	10323	10619	14961	16054
1631	2304	3149	3453	4133	4459	5442	7051	8622	10051	10791	11566	12754	14016
2747	4371	5647	5694	5899	8378	8965	9917	10472	12163	13349	14760	15005	16196
1119	3605	4141	4969	6694	7031	7748	8800	9268	9982	10605	11768	12185	12254
2825	3983	3991	6410	8249	8457	8770	9183	12028	12213	12448
604	1720	2373	2919	7212	7867	7967	8044	10466	13860	14417
301	1594	5664	9711	9763	10804	10816	11681	11842	12204	15041
47	555	1796	2032	3923	5175	5204	7322	12008	15192	15273
2564	2827	4053	4355	5383	6611	7951	10231	10605	12712	15035
2243	3129	5665	9703	9913	10101	10212	13549	14952	15661	15696
204	775	3771	5704	7007	7095	7543	9656	12426	12882	15545
4224	4480	4521	5860	5993	6200	6810	8966	13588	13658	14863
528	2425	4261	6534	9097	9746	10277	11570	11722	12614	14288
3612	4482	6901	8453	8546	9588	10302	11161	11365	14894	15018
3742	10567	16199
7133	9058	11953
6322	6923	15941
8088	9184	10475
677	2998	15174
4761	5594	9851
2307	13609	15098
4022	12283	12286
5993	8346	11208
3910	15175	15351
6964	10422	13372
6125	13835	14292
6234	7466	8536
4785	6567	8576
6743	10561	14130
1735	7324	11459
3414	5686	12861
5457	13085	14942
2789	9707	10189
3474	7428	8655
393	4691	5694
4825	8033	15186
1458	4367	5864
5843	11855	14660
7748	8189	15486
4810	13665	13848
5818	6651	8375
693	5872	7945
172	11594	12687
5430	12616	15658
6934	7909	11246
3637	12306	12362
3471	5213	9689
14049	14507	15642
2668	3016	15757
3740	7546	12925
6446	14217	15795
6834	12517	16183
6930	8193	10296
4279	5463	11460
197	1031	3531
9722	9899	11678
2962	7375	15462
181	2986	13487
908	3631	15042
3273	8070	10865
4099	6682	15571
2864	6393	12639
6486	7891	14560
10819	11213	13405
71	6734	8450
3467	5016	15956
6267	10180	15388
1625	2994	13339
2517	4489	7357
27	454	1440	1874	2627	6126	8518	9120	10144	13007	13892
439	991	5000	5256	7215	8109	8680	10694	12078	13454	15221
1162	4754	5101	5940	8304	10907	11008	11528	13514	13837	15230
1230	1618	2547	2922	5619	7415	12126	12406	14378	15306	15408
140	446	3378	3908	6904	7783	8587	10420	10630	12602	13597
1004	3374	7234	9291
8358	8550	8658	11681
3669	7500	8610	10360
4892	9971	11846	13233
329	1735	2397	13639
12658	12789	14985	15091
8580	8769	9451	15185
2383	3542	4270	8840
1379	2256	2452	15454
1457	6459	7332	12968
5323	7398	14302
6056	9938	10618
104	6041	12225
4895	14004	14522
1942	6495	6826
8262	15584	16179
11604	12644	12874
3538	9506	15206
666	6038	8853
5941	8753	12449
6500	8604	16045
7937	12018	12966
8164	14164	14528
867	6180	10192
3403	5208	10213
1752	7835	11867
1576	6993	11260
2245	8237	14506
1284	1807	5480
9778	10034	13115
8398	13975	15705
6906	7770	8242
1896	3277	10631
2168	6889	8036
1616	6908	11754
11353	13863	14389
2514	7212	12887
5661	6511	10622
4690	8892	10754
12200	12486	14850
4663	15405	15949
302	309	1904
5265	7100	7105
4996	7928	11084
5425	10367	15826
6766	8245	11914
8091	13882	13887
1308	1348	7944
4730	10272	14249
5001	5838	11633
3687	4732	15948
285	5437	10939
7254	10928	11235
2038	6236	14036
9407	12341	16040
