790	1010	1064	2157	2569	3499	4637	4951	6789	8177	9888	10800	13254	13829	17946
597	693	862	900	4750	4897	5410	5441	6491	8815	11894	13411	13696	14103	18413
903	2779	2996	6100	7489	7560	8637	8853	10078	11372	12040	15911	16944	17059	17771
1761	2084	2099	2232	3114	3120	7062	10527	10823	11945	13918	16359	17110	17654	18370
677	1080	2329	5100	5106	6261	6383	10953	11968	12186	13266	14451	16092	17760	17871
1069	3672	5304	6102	6907	8087	9477	9654	11581	14650	14808	14920	15397	16179	18595
327	1161	2624	4494	4516	5555	6928	7455	7959	8734	8933	9753	10614	16263	17689
1922	1932	6481	7488	7722	8836	10326	10633	11184	12555	13485	14155	16373	17486	18331
1056	1624	1991	3585	6052	7838	10123	11470	14228	15146	16166	16390	17630	17679	17774
295	3429	3587	4597	5017	5105	5136	5827	7308	8266	9632	11612	14879	16167	18491
1523	1615	3368	6253	8510	9070	10020	10368	10718	11882	12014	15077
421	3234	4290	4808	4983	9992	12569	13331	14457	15853	15943	18318
583	2081	4320	6268	6284	9084	9638	10941	13335	15062	17310	17667
573	5180	5758	5813	9655	9892	10763	11209	11717	14760	14972	16395
151	1917	4190	5573	5629	6725	9653	9974	10008	11971	15132	18170
132	1270	3074	7215	7878	8266	11875	12274	13134	15084	17120	17556
845	2417	2435	5875	7758	7807	12521	13907	16400	17778	18260	18370
2848	4714	5924	6507	7595	8422	9281	13140	13276	14589	15269	15943
278	931	1186	3588	4072	6943	8429	9348	9863	10056	14376	15846
3480	3887	4932	5888	10246	10281	11065	11434	12290	12345	12635	13917
528	14523	18426
4127	5613	9647
8777	15790	18168
3491	5608	10216
5154	8811	16363
437	2834	3470
9675	12773	17150
2456	7748	8623
3758	14333	18097
3969	17136	18610
6745	13708	18656
6152	10273	13316
7822	14888	15541
15501	16598	18531
2497	8828	15453
3443	6899	7293
3721	13954	15822
719	13335	15342
1566	7588	8362
8644	13389	17476
1513	8257	15942
2620	7224	15557
7696	12178	17371
5285	8439	11367
4961	7657	17125
11382	11542	16823
2429	7538	10992
680	7651	10178
6794	11231	18328
1195	12837	15710
1156	17454	18260
6541	10062	17436
70	282	7519
608	1919	7299
3339	11187	15788
4771	12599	13753
1822	4233	10561
5233	14135	15888
4109	14837	18717
3011	15644	17342
10668	11462	15065
2486	6822	7486
3851	6182	11215
595	11064	15525
9738	10045	14128
929	2222	11949
10950	12273	15503
3672	6760	9589
3583	5887	8907
13351	15134	17291
7770	9928	12542
268	10496	17937
1318	2938	6971
428	1791	9729
6895	8896	10420
2946	4619	6209	7377	7931	8740	9223	12171	12985	13795	14141	16233
217	958	995	3144	5905	6178	6596	10427	15013	15669	16343	18465
357	2579	4550	5223	5890	7642	7900	8441	13416	17740	18131	18679
894	1776	1852	3262	5830	6008	7877	9570	15838	16029	16176	16583
2190	2698	3277	4748	5575	6822	8356	9692	11406	11697	12991	15275
9695	12587	15112	17987
5221	5710	15272	17606
3068	9034	11853	17189
2503	7618	9336	15768
2069	2258	7450	10219
778	8645	12173	12429
6960	9073	12411	15065
3515	5848	12776	15706
4725	5967	15682	17350
12416	14871	16503	18679
4218	13329	17613
752	6184	9180
3188	3971	11453
2580	17414	18001
10285	13728	15896
612	10652	12442
7637	7724	15724
1427	15130	15355
77	5271	8934
3121	10373	11930
11913	12253	15701
6582	9841	10243
11595	16319	16332
6402	11107	14899
4593	5442	9630
1321	3877	17467
1335	10771	12311
24	16695	18578
11396	17644	18618
7306	14777	15287
1809	5769	10827
137	3555	5186
201	3340	10470
8954	12160	17867
6744	9179	14780
3280	9637	17720
1867	10642	14613
4292	7451	14924
1621	13335	16834
8289	14826	15302
3610	12151	12159
3968	3976	5492
3491	14734	17314
3774	8427	10437
3128	4202	15889
3821	9781	10862
8264	9191	12337
1476	8123	8946
