214	632	923	3251	6036	6570	8258	9462	10399	11781	12778	14807	15369	16105	17153
652	1565	3710	3720	4603	7139	7817	9076	11532	13729	14362	15379	15488	15541	15777
98	130	520	622	1806	2474	3378	4773	6896	7533	7744	11317	11511	11574	15853
95	1168	2985	4995	5032	5310	6932	8571	9181	9193	9896	10257	12336	12811	14754
1178	1969	2935	3432	3628	4814	5218	5676	6214	9953	10421	11091	13574	13772	15191
2356	7171	8062	8652	8801	9917	10037	10164	10671	10975	13460	15594	15936	16378	16711
1401	3622	4493	5190	6908	7193	9583	10283	11832	12152	12609	13343	13427	13839	15591
485	4930	7552	7574	7629	8514	10870	10888	11614	11774	12414	13159	15555	16874	16897
203	711	1373	5149	7271	8191	8523	9012	9645	11391	13989	14402	15572	16490	16985
1020	3606	4996	5016	7632	9959	11098	11792	12649	12859	13381	14579	16204	16899	17030
3653	4711	4777	4779	5203	8250	10671	12130	12449	13340	14148	14853
3209	4098	4415	4777	5358	6681	8049	9805	10139	15608	15628	16532
37	279	2890	3692	5680	7136	10862	11442	13688	14572	14978	16246
150	2430	2659	3909	8619	9432	12372	12720	13213	14635	15316	15727
759	7725	8548	10772	10897	11392	12273	13619	14465	14488	16191	17039
499	2346	4909	4998	6555	10631	12374	13539	13954	14728	14768	16213
286	458	1072	1982	3593	4541	5803	7260	7681	10279	15178	15701
683	850	1430	4534	4990	9870	10385	10508	12633	13516	14763	15297
1304	1620	2788	4431	8333	10080	11887	11994	12430	12578	15816	16317
1020	2376	3071	4752	7844	12085	12338	12790	13930	14874	16264	16947
2917	14555	16711
7491	9627	11576
863	2959	15686
3115	3698	4721
1992	6059	9232
6038	7185	14573
1340	3421	3694
4609	8628	12390
2208	8716	8858
13808	15922	16148
2249	11974	16896
5853	13225	13788
815	4711	6530
2209	2468	14725
4410	5415	13854
6355	6825	15280
309	9537	16469
8068	13746	14396
9323	10747	15016
6903	8218	11652
680	3121	8534
7311	10942	15810
877	965	6600
1742	5760	12311
3137	4854	11102
2422	7181	7657
11818	13570	15583
6318	13695	13717
3866	5279	6931
10864	15450	15719
4540	7389	17179
4951	15064	16397
7605	10323	11651
4137	6356	7204
5439	10310	14018
12843	13416	14274
2804	9644	10370
11150	13275	14293
5134	5240	11495
864	2151	13541
736	13561	17218
8287	13491	16780
5718	15660	16593
8455	13981	15971
9467	14810	16276
2229	3946	8111
7217	7241	12272
67	3678	5473
6684	10779	16599
9465	12372	16208
6794	14248	16412
2214	10815	11926
3021	6374	12487
3950	6042	9573
7939	11686	14299
350	3529	4079	4256	5849	7190	8860	10139	10232	10819	11381	14147
317	992	2421	3962	4699	6659	7506	10225	10422	10631	12471	17133
1042	1396	2353	2995	3377	5431	5872	6507	6958	8392	10521	15036
2799	3188	3338	4212	5257	6667	7299	8647	9365	9822	15393	16334
1095	1357	1964	2027	3439	5975	7077	10182	11538	12085	14873	15081
5063	15980	16044	16895
2675	3343	8369	15958
186	10209	12824	14269
4306	6720	10338	16589
2260	7944	10926	16496
821	2379	3453	11530
818	3049	7651	16046
2127	3717	10120	15916
3267	11412	13437	15833
1386	7706	15875	16377
508	11392	13620
4097	14269	15322
9921	12311	12914
7184	10571	15214
3917	8952	11193
1241	11798	14788
10457	14430	14892
5603	14302	16388
427	2770	6440
9317	10050	14671
3199	5089	5353
7239	7411	13299
306	1674	14551
816	7484	12448
706	13444	15695
554	4597	9489
2104	6359	12468
9266	10617	11381
3277	3793	6604
1731	1887	9707
885	5432	7884
1786	8137	13590
5024	6886	16155
2777	7172	8568
3551	8533	13805
3299	8732	15678
633	9789	14366
11345	14813	16179
1216	5414	13845
5832	7474	10047
1074	3156	9228
4090	7614	10391
2624	5520	13591
3462	12548	12556
2027	11569	14106
1821	3571	8001
3979	7285	9173
11161	12334	16935
2642	8811	8819
5359	11128	13310
200	6362	9809
1174	8836	13549
