551	1039	1564	1910	3126	4986	5636	5661	7079	9384	9971	10460	11259	14150	14389	14568	14681	21772	27818	28671
384	1734	1993	3890	4594	6655	7483	8508	8573	8720	10388	15541	17306	18411	18606	19048	19273	21492	21970	29495
1104	2877	10668	11101	12647	13994	14598	15653	17265	18435	18848	18949	19209	19312	19414	19465	24927	26613	28809	28865
1185	6439	6519	7790	8609	8826	9934	16363	16596	18088	18757	20318	20446	21123	23938	24235	25120	25469	26036	28043
53	3630	4384	4619	7805	8822	12208	13312	14269	16435	17925	18079	18689	19042	21541	22729	26066	27666	28759	30107
1926	2549	9816	10544	10980	12468	13026	15658	15670	15975	17200	22364	22775	23343	24289	24956	26230	28040	28348	29718
1243	1673	4181	6080	7829	8259	9294	10556	10905	14071	18080	18203	18537	19707	24143	24442	25877	27072	29158	29690
1834	2523	5973	6006	8054	8843	10141	11668	12956	13202	18659	21757	24258	24675	24779	25924	26980	27008	29229	29899
3790	5716	7345	7381	9081	9679	13629	18038	19858	21248	21348	22251	24410	26790	27643	27955	27996	28271	29638	30198
158	545	1178	5181	8585	9927	10721	11361	11640	12552	12579	14641	14928	15609	17388	20551	24516	26834	29850	30201
1076	3011	5636	6947	7236	7511	10629	16795	20770	22796	22853	24219	28516	29151
678	2553	3403	6515	7079	8767	10228	10791	10832	16113	18718	21328	25762	26925
8536	8706	9471	9854	11186	12220	13261	14034	14897	25068	26338	26427	28784	29281
2634	3562	11652	13206	15185	17051	19666	21058	23107	23869	24590	25311	25498	28891
2440	4164	7040	7591	9321	9796	11026	12204	13478	17852	22183	25257	28756	28813
390	2209	3095	4554	5755	12285	12314	14372	14957	15711	22946	27713
207	418	3856	8719	11708	15353	20717	21639	23269	26732	27613	28334
2805	3795	7105	8130	10330	13888	15132	16415	17093	23277	25191	27630
1381	1955	3689	6290	6342	9573	13751	14633	16298	18206	24248	24893
5991	8976	9763	12308	12566	15265	17068	21084	22475	24371	25171	28008
8962	17060	22260
1335	6691	14738
4118	10315	23113
4643	10970	28091
1195	3683	26231
7486	17403	22471
7328	10110	19764
4630	13732	28298
6139	19386	26009
19712	20670	27993
9317	18037	19324
4422	4510	10290
1396	22324	28601
1404	5708	22352
14783	17214	19359
7996	20133	20614
6219	17582	24404
2481	20505	28124
4569	10863	28776
941	7516	11474
24878	27151	28125
9053	10186	28126
1376	19327	26055
5965	14239	16875
17434	18098	25044
5785	14385	22243
15144	16981	25171
13671	25732	25961
95	20461	20558
4321	19572	26175
3637	17351	18683
18096	23926	27359
7914	13217	23098
9822	11342	26728
7591	18615	28044
112	16897	19127
10087	18516	27292
2762	3323	21677
4533	20728	23071
7164	7180	15097
2061	6184	20598
6310	13462	26714
8189	9345	15315
3319	17370	24726
5217	9271	11984
10245	13623	16621
5537	22325	22692
1592	19859	25578
7005	15625	22572
1474	14387	28592
153	4254	20080
8709	25107	25135
11663	17264	25598
7135	17226	18698
109	2603	26360
1408	9608	11927	14872
4187	10410	27776	30125
1008	4409	14938	20458
3641	12480	20141	22605
10453	22378	24993	30002
19957	24800	25196	29823
2431	2929	5824	12333
395	4393	15571	22019
15040	24712	28275	28794
3735	11988	13828	13949
4301	5829	24675	26696
6406	8140	9438	17274
4272	17638	19278	24961
3271	11030	11481	28624
3792	5394	7566	17557
6505	11108	20811
2722	28613	28991
11472	25911	30170
2355	13553	25490
3284	13373	17330
9046	16513	22243
