726	794	1587	2475	3114	3917	4471	6207	7451	8203	8218	8583	8941
418	480	1320	1357	1481	2323	3677	5112	7038	7198	8066	9260	9282
1506	2585	3336	4543	4828	5571	5954	6047	6081	7691	8090	8824	9153
164	888	1867	2685	2983	4071	4848	4930	5882	7085	7861	8545	8689
766	1004	1143	1782	1996	2506	2944	3094	4085	5728	8634	8737	8759
199	341	2068	2100	2708	2896	4173	5846	6167	7798	9101	9159	9329
617	752	1647	2258	2597	4708	5808	6726	7293	7800	7988	8825	9055
315	408	620	1256	1985	2560	3226	5526	6463	6927	7223	7505	7669
1361	1528	2397	3246	3370	4333	5167	5333	7409	8075	8197	8279	9138
665	876	2039	2703	2864	3485	3767	4823	7275	7599	8274	8694	9334
1160	1717	1750	2158	3040	3506	3764	3828	4261	4292	5134	6789
1857	2119	2952	6145	6897	7582	7639	8032	8080	8181	8221	8454
421	794	1511	2166	2489	3936	4288	5440	5901	6490	7266	8858
456	2565	4071	4395	4451	4888	5338	5351	6608	7602	7835	9024
617	912	3362	4085	4404	5050	5244	6043	6444	6721	7414	8353
4535	7597	7853
2632	4652	6491
877	1378	8828
434	3309	8607
1075	2525	4103
958	2220	3471
2256	4350	7277
1731	4306	8524
470	6369	9026
2605	3171	8760
1886	4900	7558
3825	4488	9230
228	3806	8101
3607	7835	8035
5280	7413	8380
2606	5100	5549
2309	4329	8570
1577	4746	7473
2939	4664	7327
2440	8572	8912
4143	8221	8561
3982	5316	7329
387	745	5199
2563	4077	9076
1428	6482	9178
4600	7640	8483
3918	5239	5388
2006	6768	9041
5766	7058	7758
2741	3382	5713
116	1863	4193
2339	4499	8437
1799	5408	6711
6937	7536	8100
8313	8388	9277
1743	3100	7424
1959	2130	2230
5007	6692	7748
808	3333	5951
1719	7648	8645
102	2996	6153
739	2765	6496
1107	1760	7023
1067	2666	9235
1125	3760	8095
2047	3143	6383
2698	3440	5405
1746	1854	1965
380	3171	5816
4155	5210	9325
2290	2658	3766
167	6239	6635
1338	1541	5813
6148	6574	7436
3598	3777	6367
731	4247	8887
2152	2600	8950
3774	4099	6605
2819	3315	6492
1195	3774	7126
572	2723	3467	3509	5379	6756	6853	7335	7973	8087	8202	9000
817	3136	3533	3732	5001	5148	5202	5402	6602	7236	7605	8275
185	325	591	1559	1635	2826	3352	3634	3937	5814	8101	8133
758	1780	1965	2932	4010	4621	7103	7249	7328	7878	8754	8805
528	1433	2926	3557	3780	4650	4671	5253	5488	5517	5681	8300
1172	2131	3702	4455	4504	5216	5920	6371	6660	7953	9036	9185
639	1572	1714	1957	3145	5123	5330	5419	6418	7163	7237	9235
166	486	708	1071	2179	3700	4756	5606	5685	6426	6467	6902
462	486	735	2065	2558	3196	4006	5344	5617	7451	8141	8436
435	3016	4173	4235	4415	4731	5396	7340	8002	8155	8279	9081
560	2200	2649	3690	8636
4156	5971	7133	7480	8218
1398	2219	3796	4877	6376
506	1284	6906	7288	9131
643	1661	5057	8011	8241
859	3508	5030
575	3942	6198
3472	5037	8710
3850	8080	9216
3203	8128	8836
3059	5057	8120
3804	6339	8539
2355	6922	8235
2035	2133	7090
4787	5994	6966
1484	4897	7766
3977	7211	7682
3030	4150	7823
516	2443	7919
5120	5715	6141
1551	6029	7124
1995	2156	6952
4686	4944	8175
2763	4667	7284
3648	7312	7361
333	3231	4029
692	2273	9068
15	3757	7203
2870	4217	8458
1501	2721	6548
92	2144	6570
1846	4578	7972
2999	3542	4001
1658	8479	8763
4169	6305	7774
2357	2475	8504
1418	1516	3587
2715	2754	7789
1765	2387	8858
5115	8712	9029
160	2544	5818
1600	3668	7706
1589	3143	7396
3310	3953	8862
2054	3075	4821
4061	4355	6130
2086	2534	4831
4229	4981	9057
24	5398	6062
1370	7446	8116
409	1199	6499
1088	1648	7267
176	8059	9351
558	3830	4748
4772	8116	8277
1253	2418	3450
5305	5679	7537
437	561	7932
3058	4317	9184
382	1516	6576
471	6158	7469
5	955	2716
964	5239	8890
727	738	4868
7443	7560	7580
2075	2266	8918
4021	4267	6797
6103	6111	8823
6523	6531	9063
