3880	4377	6147	6219	7873	8180	9157	10311	10862	15393	16522	17318	17609	18398	19290	19293	20296	22244
1056	1647	5119	5201	6991	10038	10843	11614	11901	12026	14631	16749	16772	16915	17331	19235	19877	22763
501	2634	2812	3085	3242	4952	5087	8334	8838	8993	12601	12849	13142	13852	14416	14444	15122	20692
343	1183	5708	6798	6951	9154	9160	9508	9884	11874	11984	13737	14933	17208	21253	21822	22723	22898
3332	4384	5137	8527	8749	10414	10536	12759	14769	16121	19255	19326	20283	20352	20629	20827	21226	22087
60	3866	3895	4116	5631	6985	7205	7681	10031	12825	14266	14644	16396	17010	20221	20268	21729	21752
61	1112	1392	1826	1910	4370	5910	6660	6943	7859	9628	10213	10701	12615	14453	17123	18667	20688
880	2397	2669	7767	9683	9705	10430	13995	15972	16217	17187	18246	18869	21077	21884	21897	21927	22475
748	1029	1446	2912	6784	6926	7710	11674	12014	12409	12438	14411	14723	15953	16020	17496	18230	19547
1151	2295	2975	3082	6502	8269	9130	9629	10018	10235	14871	15834	17396	17777	19138	21871	22035	22927
650	789	4632	4777	5004	8796	13479	14917	16826	16926	19144	20754
1693	4906	5777	5907	6472	9792	11824	16134	16406	16440	18395	22338
5172	5920	7987	9381	10573	11382	11512	13074	15755	16591	19518	20968
1409	2508	6542	8993	10660	13691	14724	15597	19641	20809	21160	22767
895	1446	3298	4018	5250	6269	8897	9049	12052	15311	16199	20677
1	774	1248	2362	7019	8430	14321	14444	19664	21475
1714	1973	4155	7536	7975	9323	9997	10627	20959	21824
586	1907	2153	5914	7407	8311	8900	10060	18502	18818
805	1897	3019	7404	10055	11779	11982	15319	21802	21913
5276	5470	8725	11080	11939	17057	17960	18930	19814	22546
1227	10140	18999
849	17266	18364
4436	6167	14942
11103	14219	19204
6738	10043	20614
1885	3173	13934
2088	11344	20627
2668	6722	20336
11274	18439	21280
2223	15960	21282
6555	7521	11051
9037	11912	22911
12952	19885	21298
13696	16793	17228
1040	4501	6170
1025	4522	21287
1213	3817	12857
1392	6601	12468
835	16504	19633
634	16014	19619
6166	17343	21067
6583	16107	18382
5481	9653	18543
14634	15406	16179
1952	7810	16892
2271	12635	20456
8838	10469	20629
11400	16788	18756
230	11373	17104
17204	17733	20707
8465	13092	22087
8684	8983	10130
11468	13469	21366
9342	10115	19130
3184	9535	11802
13495	16231	19609
8911	12617	15190
508	8674	19422
4059	6197	8449
9440	11028	13468
1779	9358	13459
46	7370	15160
12118	17458	21853
320	4449	20048
12300	14502	21803
9019	19417	22280
1320	6434	7916
6850	10275	17099
301	5637	7309
8443	13673	16625
4943	15268	20252
13246	17809	18271
3230	8329	12330
1398	7959	18145
274	10500	12954
1326	2057	5453	6588	11514	11920	13687	14692	17684	22043
3921	7217	8693	10943	11769	12121	12618	19781	19932	20083
2166	5206	5482	11453	13986	16877	18184	18822	21663	22611
858	11727	13116	14705	15517	16109	17086	18439	19047	20321
216	414	726	2616	6948	7028	8288	12164	21697	22606
7441	14498	15308	17321
1455	6627	10112	13652
7448	7945	17043	21758
2947	7933	11624	14237
514	4014	20406	22226
4454	9815	11696	13946
7787	11797	13113	15796
2363	4379	21733	22277
8437	16504	16527	21350
8932	14444	15680	19635
1273	11365	15443
3533	11221	13249
687	1927	14403
3914	4221	8791
12479	15622	17384
14928	20923	22283
7729	13750	15716
88	12409	19522
6852	16166	21884
1204	12049	16487
11178	11226	15971
6382	14361	16863
10195	10247	18188
1819	5834	8434
286	3333	21431
13950	15188	17771
10198	14887	16751
13811	18307	18337
1210	18076	21869
5717	8482	11896
6501	15625	17792
3965	4494	20272
1589	9900	14472
288	9421	12009
2177	4626	16605
710	4696	18127
