66	862	939	3380	4920	5225	5330	6218	7204	7532	7689	9135	9363	10504	10694
1993	2656	4602	6079	7569	7724	9038	9647	9979	11845	12641	12783	13451	13661	14166
1360	2046	3315	3423	3974	4747	6535	6632	7261	8173	8391	9517	9928	11749	11761
3373	3910	3965	4146	4171	6195	6384	7642	9337	9563	9716	11490	12393	13068	14016
244	2500	3970	6097	6208	6669	7479	7667	8234	9367	10437	11623	12138	12212	12454
665	1162	1990	2144	2356	4400	6032	9336	9988	10693	11378	12021	12582	13874	13958
1129	1527	1725	1902	2039	2107	3241	5991	6086	7866	10793	11132	11318	13636	14100
611	2141	2552	2602	3049	3185	5339	6495	7390	8033	9068	10844	10977	11047	13995
2805	4137	4523	4841	7408	8551	8667	8749	8979	9232	9934	10345	10634	11646	12771
144	1120	2295	3469	4991	5613	7186	7858	9116	9328	10850	11492	11837	12155	13103
803	1580	1797	4719	6743	7061	7753	8376	9046	11635	11721	13350
1432	3534	4822	6282	6412	7180	7619	7936	11278	12531	13074	13084
2013	2575	2887	3930	4725	5498	5625	6209	6836	7268	9062	10950
515	1037	2033	2624	3044	6028	7163	8729	8772	10358	10659	12466
464	1685	2749	3321	3778	5322	5386	6294	7928	8871	10278	13040
408	829	1672	2667	3077	3545	3703	5213	5381	7937	8474	13126
1617	2490	2636	2723	5431	6975	7159	7900	10849	11572	11887	12462
1402	2373	6408	6656	6704	8040	8841	9541	11818	13891	14006	14239
1388	2078	2136	3514	5090	8083	8510	9200	9814	11142	11625	12980
561	1659	2611	3085	3367	3804	6021	6209	6348	8282	8475	11386
2457	3223	4495	4869	5314	5774	6532	6552	8987	9196	9199	11591
627	1069	3015	3048	4275	4545	4617	5606	6070	8237	8659	8953
1028	4096	5253	6370	8087	8382	8950	8984	9618	12843	13519	14356
560	604	663	2209	2709	4421	6291	7322	10054	11747	11997	14192
361	938	993	2884	3386	9431	9798	10155	11892	12184	13140	13808
1045	5017	9862	13620
205	3913	9136	13316
2994	4307	10330	13439
2437	6367	9411	10505
5546	6653	7663	12391
2825	3446	5803	11254
1459	5988	7895	9221
3968	6470	7739	12977
3298	4154	12918	14282
8890	9389	10144	12801
2529	3668	10005	11652
4558	8324	10112	12696
491	6153	11815	12813
1300	12716	13107	13847
5542	6160	11226	12846
5206	9994	11133
7113	12088	12802
950	1805	8437
4411	10474	12911
3599	7495	8984
4751	10097	10284
67	5056	11979
10633	10770	13585
1198	3963	9181
746	4895	11288
7724	8170	9246
6542	8235	8589
1512	4603	11098
7082	13053	13985
3887	9094	10355
3417	6588	12800
4151	5569	8184
5557	8162	12572
2565	6091	6359
2792	4430	6281
7936	10786	11229
677	3184	12460
2468	2884	11714
87	2318	9383
976	3614	10292
969	3180	14286
7818	12285	13535
3471	10797	11502
3552	10568	12836
1386	6971	13457
987	7598	9275
5039	13533	13739
1854	5210	11261
10603	11753	12263
722	1030	12267
2720	5083	5350	9274
3377	8717	9414	12039
1355	6452	10130	13008
5112	7583	9971	10955
4633	8781	12791	13607
1535	5803	8062	10467
2326	8224	9176	12082
939	8480	11823	13045
380	425	4943	10388
4001	4293	7887	9858
3734	3746	9929	12310
1592	6062	6419	10292
101	2538	6316	13640
3038	5921	6156	6529
3820	10279	12229	12404
761	3735	8874
4985	9636	14004
1744	2501	9257
3223	7816	10249
765	2768	5363
4911	5948	13726
6745	9749	11658
1373	4860	13952
120	407	13132
862	2571	3681
3706	5914	8019
7465	10479	12795
441	1017	1563
6638	8730	10379
3229	4169	11333
1181	7252	11670
1090	4576	8680
943	9116	11566
3180	7882	12535
2944	4411	12747
3153	5618	7782
428	2208	10359
447	6906	12192
8495	11164	12870
641	6397	11868
4165	4534	11544
4594	7957	11969
3667	4604	7920
2253	4617	13638
1099	4214	6076
461	8085	9875
8128	13331	13740
8527	9749	12563
4216	6105	12391
6583	13362	14130
566	2898	4772
4048	7696	8342
539	5111	9923
931	3789	7276
5306	13717	13901
1540	11240	11353
1845	2752	6810
8553	10094	10228
9625	12761	13252
4518	4526	9215
5394	6447	10864
7497	11962	12795
2679	3310	3743
2764	10853	12702
6409	9498	10387
