690	1366	2591	2859	4224	5842	7310	8181	12432	15667	15717	16935	17583	19696	20573	21269
2488	2890	6630	6892	11563	12518	15560	16798	18355	18746	19165	19295	21567	23505	23617	23629
321	2844	2894	3986	4538	7599	7816	9831	10247	11556	16068	17249	18194	23043	23100	25938
2503	2827	4771	5929	6400	7437	8054	10897	11633	14404	16133	17101	24425	24973	25086	25802
1462	2099	3910	5131	5352	8832	9495	9624	10796	12906	13903	14724	14946	17708	21034	26612
260	523	1427	3435	4517	9494	12594	12688	12726	14163	16537	17424	18424	20321	25101	28269
2131	2407	4820	7167	11783	15249	15982	18761	22162	24593	24971	25831	26351	27005	28348	28793
2089	5829	6119	7505	7758	8122	9870	12107	16656	17582	19115	23738	27646	27692	27862	28356
2714	3288	3337	5013	6210	8080	9348	12919	13458	13621	18015	21024	24044	24761	25610	26317
1305	3402	5830	7095	8852	9580	9793	11157	12725	14355	20659	21400	22289	23823	26250	27006
12936	15702	23593
3616	17219	18621
1234	12759	26749
396	3017	18360
10664	21597	26165
12986	14553	24818
18403	21213	28302
6515	18331	19413
19649	26219	27483
2538	15793	17528
7871	9374	20785
5494	8084	21558
6691	7770	14306
3247	7417	18827
11615	15987	20081
1527	15272	26042
10540	15548	23849
223	2601	25888
2395	21465	28501
19703	21589	27252
12832	15726	25300
3750	10030	16124
401	6474	28682
4424	19876	25563
590	12853	14779
25185	25539	25920
6857	23329	25764
3467	23205	23751
9278	24364	25033
14956	19104	22487
21856	26163	27130
2067	17357	22055
50	14414	19142
306	445	16437
2260	13892	17608
8893	12230	16916
5943	8921	16380
5079	15385	21951
5108	6038	8513
2126	6749	7330
3814	11941	22949
2301	15416	26731
3498	14463	20417
2062	10434	10746
18128	18960	23452
13080	13129	27193
18818	24995	27087
7198	11948	23135
17206	18524	25811
5202	10030	10076
8497	23410	23991
1553	1968	13135
4426	10786	23259
92	7941	23045
6356	14028	23104
18319	20286	22984
5778	25335	26191
662	15922	27478
2920	9733	18974
15337	27509	27519
8659	25028	27723
14865	24564	26361
1383	21234	21770
10767	25752	25843
7717	14536	24248
278	2803	2966	3547	4128	4829	4981	6699	6716	14183	14239	15939	16996	19694	20073
3022	3087	10039	10174	11403	12146	13689	14934	17765	18121	18936	21818	27202	27532	28192
817	3888	4102	9441	10165	10941	18131	20028	22305	23832	25225	26228	27208	27245	27390
6346	7992	9053	11187	12124	16435	16850	21269	21580	22096	23700	24751	26264	27318	27576
1440	3291	5755	12247	12272	15394	15659	15764	16338	17373	18840	19597	19812	22415	27062
937	3118	8745	10933	12703	13906	14113	21442	21539	28140
247	2465	2918	3189	5886	11451	16862	17458	20908	26608
58	10104	11815	14429	16531	19797	24071	26021	28000	28489
4367	5710	7855	14203	18071	19336	19880	20166	26774	28554
191	1085	4068	7452	11739	15962	17501	19172	24130	28476
4961	19716	19964	23479	24004	24340	25537	27930
1688	2235	10464	15112	15134	25143	25910	28689
765	11839	17427	19754	21445	22034	23493	25296
277	7947	9952	12228	12595	16563	19758	21721
1575	2652	5226	8159	16624	25446	26417	26722
10571	17389	22602
1331	7875	18475
11738	13853	23914
9412	11361	26507
16877	23022	27060
2627	16649	22369
9446	14752	28540
4496	7705	22247
2439	19741	28550
6605	12623	26774
