1083	2862	3815	4075	5519	8003	9308	10029	12476	12949	13759	13918	14303	15028	19737	19953
392	3781	6086	8378	9952	10531	11369	11954	14808	14948	16585	16682	18445	18960	19085	19423
3023	3727	4797	5104	5342	5994	8138	9758	10146	11758	14763	15300	15640	17947	18690	18864
854	1259	2147	3861	4258	4949	5555	5940	9454	14940	15521	16393	17029	18789	18810	19840
4404	6608	7232	7534	7721	8079	8558	9851	11560	11968	12678	13410	15908	16918	18108	18437
519	1591	1600	1964	7706	9481	10789	11068	13056	13373	13759	14323	14999	15505	17366	18254
545	673	2257	4060	4289	4897	5287	7318	8511	13835	14540	14948	15475	16718	17907	18067
1949	3426	3440	4679	5103	8692	8987	10075	10923	11162	11625	12805	13749	17487	17807	18802
858	1969	2178	2421	2592	2764	3504	7084	9227	9349	9960	10592	18149	18974	19010	19891
3282	5061	5908	6929	7551	7927	8116	8388	11305	11379	12527	13982	14343	15064	16259	19602
3730	8198	8789
1515	6545	9678
12411	14800	17119
1000	15382	18607
977	1525	5376
4464	7676	8937
3684	6730	9836
10203	10305	18629
2214	4904	10873
690	7077	12623
3094	11228	16285
2583	5278	16500
4253	13495	14465
3323	17768	19548
7670	12892	18704
373	14868	16337
8886	17314	17578
10636	12385	19530
5734	14030	18619
3298	4905	10156
332	19282	19924
15	8741	16429
11482	14807	15426
6055	12144	14026
1095	5737	10525
813	965	4520
808	8546	14057
3195	3814	14683
1184	17287	19477
12411	13207	18549
2639	12198	15656
3527	5555	14387
5563	10402	19122
4538	13134	18766
731	3368	5865
1253	2238	8820
2764	11942	16705
6375	18789	19594
3387	11299	14192
2486	2729	8580
3096	5778	10416
2513	10609	14018
2508	10361	15415
5368	6612	17415
1998	5687	17627
2711	16277	17350
5213	5820	9217
5744	17794	19180
9095	15302	19441
10031	12094	18856
739	6709	11785
1496	10418	15753
9437	11589	19552
7484	9656	12381
2371	7237	7794
748	7213	9835
1930	6418	8683
5482	15289	18623
10791	15731	18781
3622	5730	14230
1169	9420	19665
10170	13288	14142
3855	7239	18843
816	16956	19454
3179	5689	16584
4313	6450	8761	11594	13187	14029	14509	14944	16947	17850	18270	18390	19934
1680	2214	3859	3994	4276	6984	12261	13869	14696	16303	16467	16756	19754
433	1009	3169	6825	7128	7294	7327	8175	16653	16657	17314	18598	19472
1473	2110	2777	5217	5902	7136	7797	8650	9116	11267	14270	15342	18291
349	2892	4148	7493	10142	13920	14079	14423	15229	16255	16808	18248	18362
5879	7078	7457	9493	10771	11010	12068	12994	13007	13109	17983	19531	20087
483	804	993	1078	1822	4646	4658	5458	8116	8443	10056	13440	18939
490	865	1309	4339	6434	8210	9248	10588	13094	16476	17620	19378	19708
163	899	2396	4212	6157	9036	11116	13295	13928	15111	16312	18369	19470
985	1298	3213	5145	6917	7136	7183	10870	11329	12295	13466	14989	17909
89	582	812	1761	5157	6039	7843	8418	8747	11575	13169	14160
1871	2701	3252	7399	7646	9785	11274	17041	17361	18899	19430	19691
1328	2165	2722	4120	4132	9855	10802	14441	16771	17679	18611	18718
1166	3128	8585	9843	10411	12365	14141	15156	16987	17484	17702	19204
943	952	4108	4832	6706	9245	14304	16528	17055	17698	18419	19526
1340	7429	17768
10358	12400	16483
1070	4760	10051
6992	8645	9886
756	7962	17532
13063	17794	18323
630	9881	20052
5786	7779	15441
5049	5860	16575
10021	13811	20097
2167	6374	19993
1412	4441	11765
14750	17242	18319
507	1756	18791
2277	6901	9690
14828	15959	16658
4687	6452	16770
465	11415	13696
13370	15379	16190
2988	12683	16796
6382	14227	14295
17221	18167	18379
9656	9841	10968
16917	19014	19869
15255	15400	17505
6403	15345	16248
6794	15772	18005
3252	12230	12246
9062	9082	10245
405	9373	19195
5987	6006	6026
2865	2887	2896
14889	14898	14924
7791	7800	7809
