2087	6318	7314	8327	9453	12989	13156	13763	13819	16963	18495	19352	20510	20651	23379	23847	23953	26469
2680	5652	6816	7854	10673	11431	12379	14570	17081	19341	20749	21056	22990	23012	24902	25547	26718	27284
2142	3940	4724	4791	6617	6800	9349	9380	10073	10147	11750	12900	16044	16156	17769	21600	21669	22554
1588	3097	4277	6181	6737	8974	9793	12215	12814	17953	18270	21808	22625	24390	25429	25750	25967	26391
561	5825	7106	7166	7475	11844	12905	13559	13978	14176	14437	16070	16587	19792	20187	23754	26070	27232
673	1783	4046	4887	5596	8390	9229	12315	14252	14415	14529	17837	20013	20032	22201	22487	24412	25792
1261	1910	3767	6244	7050	7367	9230	12972	13229	13472	14287	14494	16776	20523	20738	21591	23622	25206
1618	2106	3640	6304	7984	8158	9072	9311	12618	15746	16985	18923	20959	21267	23375	24052	24260	24827
6256	6931	7276	7356	7832	12284	12405	13083	13602	14750	19021	20026	22661	23283	24427	25301	25982	27279
2432	3076	3399	5305	7370	8406	8826	9237	10537	15492	15606	15619	16515	17562	19550	22525	24389	25740
157	296	422	467	7125	9849	9997	15376	15506	16119	17153	17857	18639	23136
1275	1439	6162	8258	9031	10207	10472	16004	16641	17140	21342	22191	23200	25753
110	1073	6460	9208	10520	15833	15951	17494	18614	19970	20537	21512	21796	22135
3771	5399	5885	7905	8302	8614	10205	11133	11459	16044	22701	25170	26255	27086
1597	2640	2741	3790	5107	7470	9160	12078	12350	14020	18877	19507	22658	24290
4957	5961	6263	8201	8579	9392	10133	11712	14757	15678	15718	19528	25107	25122
870	4508	5944	7360	11724	15003	16387	19543	19893	20189	21942	23740	25686	25849
131	2044	6731	7619	7787	9109	9841	10006	10275	13687	16522	18212	24457	25197
504	1863	4246	5075	5448	6296	6930	11792	13736	14588	16340	17102	17807	26621
1137	1168	2366	3818	4311	6806	8583	10850	12198	12357	21357	23243	23568	25003
2353	11886	22548
1680	9112	12175
15126	16642	27030
5571	5719	19190
6232	13413	19728
8197	12068	17122
3220	3476	24534
1630	4345	23890
19815	20676	24443
12761	14080	15937
41	7963	23895
7658	13020	27128
1017	1447	3285
2268	22921	26255
261	13889	14175
13925	18777	18987
15136	24523	27156
12008	18484	19299
4304	9857	15134
2966	9278	9737
5469	15449	22259
11359	14186	20635
16453	21262	23629
5613	7100	11104
3959	14714	18116
7465	13803	24660
3939	7615	9891
12249	16491	22373
8734	14253	25616
5781	18719	23894
6208	6703	14626
1284	4730	23920
3920	13167	13366
3925	7147	27268
1926	12777	21092
675	8186	22557
487	9590	12433
7090	16031	27037
3083	10445	22950
380	4663	7195
960	12754	20597
1790	12476	24250
11307	22121	22266
3256	7625	12046
11034	11800	17383
6142	14781	19944
2679	11106	22783
7769	11060	15178
7384	9851	20205
14813	19271	22600
3085	11637	19934
6518	7995	19382
11070	15498	26380
248	16291	23824
4989	19436	26642
5954	16039	16042	20349	21326	24656	25427
2558	6628	9167	16825	19069	20808	22617
317	13859	14069	16104	18835	20040	26633
2866	4153	5875	11698	15287	19719	25808
536	6955	9735	16098	20694	24675	26881
25	7316	9961	21037
7823	19458	20404	25186
7142	11057	17748	24788
11315	12358	21583	21836
8995	9326	12826	25981
2281	10560	10674	19801
5001	6655	26231	26542
800	15131	18482	22621
9060	12257	24786	25188
3462	17201	18960	24462
17631	26360	26425
12774	20967	21391
14701	20696	26807
5931	13144	14022
128	16460	26300
801	9487	25937
6153	11296	23054
2749	14434	20049
1732	7646	20402
3839	11031	26022
2159	20918	21407
285	13785	24234
1977	3899	7972
4120	19101	23719
